Simulation	DensDep	UseFullKern	StageDep	SexDep	IndVar	EmigStage	Stage	Sex	GroupDisp	GroupMean	EP	D0	alpha	beta	EPMean	EPSD	D0Mean	D0SD	alphaMean	alphaSD	betaMean	betaSD	EPScale	D0Scale	alphaScale	betaScale
1	0	0	0	0	0	-9	0	0	0	0	0.5	-9	-9	-9	-9	-9	-9	-9	-9	-9	-9	-9	-9	-9	-9	-9
2	0	0	0	0	0	-9	0	0	0	0	0.5	-9	-9	-9	-9	-9	-9	-9	-9	-9	-9	-9	-9	-9	-9	-9
3	0	0	0	0	0	-9	0	0	0	0	0.5	-9	-9	-9	-9	-9	-9	-9	-9	-9	-9	-9	-9	-9	-9	-9
4	0	0	0	0	0	-9	0	0	0	0	0.5	-9	-9	-9	-9	-9	-9	-9	-9	-9	-9	-9	-9	-9	-9	-9
5	0	0	0	0	0	-9	0	0	0	0	0.5	-9	-9	-9	-9	-9	-9	-9	-9	-9	-9	-9	-9	-9	-9	-9
6	0	0	0	0	0	-9	0	0	0	0	0.5	-9	-9	-9	-9	-9	-9	-9	-9	-9	-9	-9	-9	-9	-9	-9
7	0	0	0	0	0	-9	0	0	0	0	0.5	-9	-9	-9	-9	-9	-9	-9	-9	-9	-9	-9	-9	-9	-9	-9
8	0	0	0	0	0	-9	0	0	0	0	0.5	-9	-9	-9	-9	-9	-9	-9	-9	-9	-9	-9	-9	-9	-9	-9
9	0	0	0	0	0	-9	0	0	0	0	0.5	-9	-9	-9	-9	-9	-9	-9	-9	-9	-9	-9	-9	-9	-9	-9
